01101000
01110100
01110100
01110000
01110011
00111010
00101111
00101111
01101111
01110000
01100101
01101110
00101110
01110011
01110000
01101111
01110100
01101001
01100110
01111001
00101110
01100011
01101111
01101101
00101111
01110000
01101100
01100001
01111001
01101100
01101001
01110011
01110100
00101111
00110000
01000110
01101110
01010100
01100001
01001011
01111000
01010100
01000100
01000100
01001100
01001001
01010011
01010100
01010011
01000010
01010011
01011010
01110100
01110110
00110001
01011001
00111111
01110011
01101001
00111101
01111000
01100100
01110101
01100110
01000100
01001011
01010110
01100110
01010011
01001111
01001111
01011111
01101101
01011000
01001001
00110111
01001111
01100011
01110010
00110110
01110011
01110111
00100110
01110101
01110100
01101101
01011111
01110011
01101111
01110101
01110010
01100011
01100101
00111101
01100011
01101111
01110000
01111001
00101101
01101100
01101001
01101110
01101011
00100110
01110000
01110100
00111101
01100110
00110101
00110000
00110101
01100100
00110110
01100110
00110100
00110101
00110110
01100110
01100010
01100011
00110100
00111001
00110111
00110001
00110100
01100101
01100110
00110001
00110011
00110110
01100011
00110011
00110101
00110011
00110101
00110011
00110011
00110010
00110111
00100110
01110000
01101001
00111101
01010100
01101111
01010100
00110110
01000010
01000111
01000001
01101111
01010100
01101110
01111001
01110000
01101000
